Case 1
14
Case 2
8 12 14
Case 3
No objects found
Case 4
6 6 7 7 7 8 9 12 18 1210
Case 5
6 7 13 1648
Case 6
5 7 8 8 9 16 24 1553
Case 7
11 37 62 78 185 386
Case 8
9 9 9 10 17 19 1075
Case 9
11 13 29 58 66 86 97 140 145 192
Case 10
8 14 35 1567
Case 11
11 505
Case 12
8 9 9 32 622
Case 13
7 12 31 890
Case 14
9 11 18 880
Case 15
207
Case 16
4 70 170 296
Case 17
5 11 20 23 579
Case 18
6 15 19 24 891
Case 19
532
Case 20
130
Case 21
652
Case 22
636
Case 23
656
Case 24
566
Case 25
310
Case 26
332
Case 27
618
Case 28
396
Case 29
4 5 5 5 5 5 6 6 6 6 6 6 6 6 6 7 7 7 7 7 7 7 7 7 7 7 7 7 7 7 7 7 7 7 8 8 8 8 8 8 8 8 8 8 8 8 8 8 8 8 8 8 8 8 8 8 8 8 9 9 9 9 9 9 9 9 9 9 9 9 9 9 9 9 9 9 10 10 10 10 10 10 10 10 10 10 10 10 10 11 11 11 11 11 12 12 12 12 12 12 12 12 12 12 12 13 13 13 13 13 13 13 13 13 13 13 14 14 14 14 14 14 15 15 15 15 15 16 16 16 17 17 18 18 18 19 19 20 20 21 21 22 24 25 26 28 33 34 36 47 52
Case 30
4 5 5 5 6 6 6 6 6 6 6 6 6 6 6 6 6 6 6 6 6 6 6 6 7 7 7 7 7 7 7 7 7 7 7 7 7 7 7 7 7 7 7 7 7 7 8 8 8 8 8 8 8 8 8 8 8 8 8 8 8 8 8 8 8 8 8 8 8 8 8 8 8 8 8 8 9 9 9 9 9 9 9 9 9 9 9 9 9 9 9 9 9 9 9 9 9 9 9 9 9 10 10 10 10 10 10 10 10 10 10 10 10 10 10 10 10 10 10 10 10 10 11 11 11 11 11 11 11 11 11 11 11 11 11 12 12 12 12 12 12 12 12 12 12 12 12 12 13 13 13 13 13 13 13 13 13 14 14 14 14 14 14 14 14 14 14 14 14 14 15 15 15 15 15 15 16 16 16 16 16 17 17 17 17 17 17 17 18 18 18 18 18 18 18 19 19 20 20 20 20 20 21 21 21 21 22 22 24 24 24 26 26 26 27 27 27 29 31 33 33 35 46
Case 31
5 5 6 6 6 6 8 8 8 9 9 9 10 10 10 10 11 11 12 12 12 12 13 13 14 15 15 15 16 18 21 22 24 28
Case 32
5 5 6 6 6 6 7 7 7 8 8 8 8 8 8 9 9 10 10 10 10 10 11 11 12 12 12 12 12 14 15 15 15 17 19 20 21 26 26 27
Case 33
5 5 5 5 6 6 7 7 7 7 7 7 7 7 8 8 8 8 8 8 8 8 8 8 8 9 9 9 9 9 9 9 9 10 10 10 10 10 10 10 11 11 11 12 12 12 12 12 12 12 13 13 13 13 13 14 14 14 14 15 15 17 18 19 20 21 21 22 29 30 32 33 44
Case 34
6 6 6 6 6 7 7 7 7 8 8 8 8 8 8 8 8 8 8 8 9 10 10 17 19 24
Case 35
6 6 6 7 7 7 7 7 8 8 8 8 8 8 9 9 9 10 10 10 10 10 10 11 12 12 13 13 14 14 15 15 15 16 17 17 18
Case 36
5 5 5 5 5 6 6 6 6 6 6 6 6 6 6 6 6 6 6 6 6 6 6 6 6 6 6 7 7 7 7 7 7 7 7 7 7 7 7 7 7 7 7 7 7 7 7 7 7 7 7 7 7 7 7 7 7 7 7 7 7 7 7 7 7 7 7 7 8 8 8 8 8 8 8 8 8 8 8 8 8 8 8 8 8 8 8 8 8 8 8 8 8 8 8 8 8 8 8 8 8 8 8 8 8 8 8 8 8 8 8 8 8 8 8 9 9 9 9 9 9 9 9 9 9 9 9 9 9 9 9 9 9 9 9 9 9 9 9 9 9 9 9 9 9 9 9 9 10 10 10 10 10 10 10 10 10 10 10 10 10 10 10 10 10 10 10 10 10 10 10 10 10 10 10 10 10 10 10 10 10 10 10 11 11 11 11 11 11 11 11 11 11 11 11 11 11 11 11 11 11 11 11 12 12 12 12 12 12 12 12 12 12 12 12 12 12 12 12 12 13 13 13 13 13 13 13 13 13 13 13 13 13 13 14 14 14 14 14 14 14 14 14 14 15 15 15 15 15 15 15 15 15 15 16 16 16 16 16 16 16 16 16 16 17 17 17 17 17 17 18 18 18 18 18 18 18 19 19 19 19 19 19 19 19 19 20 20 20 22 22 22 22 23 23 23 25 25 25 25 27 27 29 29 30 30 33 33 33 36 43 48
Case 37
5 5 5 5 6 6 6 6 6 6 6 6 6 7 7 7 7 7 7 7 7 7 7 7 7 7 7 7 7 7 8 8 8 8 8 8 8 8 8 8 8 8 8 8 8 8 8 9 9 9 9 9 9 9 9 9 9 9 9 9 9 9 9 9 10 10 10 10 10 10 10 10 10 10 11 11 11 11 11 11 11 11 11 12 12 12 12 13 13 13 13 14 14 14 14 14 14 14 14 15 15 15 16 16 16 16 16 16 16 17 17 17 17 17 18 18 18 19 20 20 20 20 20 20 20 21 21 21 22 22 23 23 24 28 28 30 32
Case 38
5 6 7 7 7 7 7 8 8 8 8 8 9 9 10 10 11 11 12 12 12 12 13 14 14 14 15 20 21 26 29 32
Case 39
No objects found
Case 40
No objects found
Case 41
10
Case 42
No objects found
Case 43
No objects found
Case 44
8
Case 45
8